-5.3500000e-01
-5.0500000e-01
-4.1500000e-01
-3.0000000e-01
-1.6000000e-01
-1.5000000e-02
2.3500000e-01
4.9000000e-01
7.2000000e-01
8.7500000e-01
9.4000000e-01
9.0500000e-01
7.5500000e-01
4.9000000e-01
1.6500000e-01
-1.1000000e-01
-2.7000000e-01
-3.9000000e-01
-4.5000000e-01
-4.7500000e-01
-4.5500000e-01
-4.2500000e-01
-3.9000000e-01
-3.9000000e-01
-3.8500000e-01
-3.9000000e-01
-3.8000000e-01
-3.8000000e-01
-3.8000000e-01
-3.9500000e-01
-3.8500000e-01
-3.8500000e-01
-3.8500000e-01
-3.7500000e-01
-3.9500000e-01
-4.1000000e-01
-4.1000000e-01
-4.0000000e-01
-3.9500000e-01
-3.9000000e-01
-4.0500000e-01
-3.9500000e-01
-3.8500000e-01
-3.7500000e-01
-3.9000000e-01
-3.9000000e-01
-4.0500000e-01
-4.1000000e-01
-4.1000000e-01
-3.9000000e-01
-3.9000000e-01
-3.9500000e-01
-4.0500000e-01
-4.1500000e-01
-4.0000000e-01
-4.1000000e-01
-4.0500000e-01
-4.1000000e-01
-4.1500000e-01
-4.1000000e-01
-4.0000000e-01
-4.0000000e-01
-3.9500000e-01
-3.9000000e-01
-4.0500000e-01
-4.1000000e-01
-3.9000000e-01
-3.9000000e-01
-3.8500000e-01
-3.8500000e-01
-4.1000000e-01
-4.0500000e-01
-3.9500000e-01
-3.9000000e-01
-3.7500000e-01
-3.9000000e-01
-3.9500000e-01
-4.1000000e-01
-4.0000000e-01
-3.9000000e-01
-3.9000000e-01
-3.8500000e-01
-4.0500000e-01
-4.1500000e-01
-4.1500000e-01
-4.0000000e-01
-3.9500000e-01
-4.0500000e-01
-4.1500000e-01
-4.2000000e-01
-4.2000000e-01
-4.1000000e-01
-4.1500000e-01
-4.2500000e-01
-4.2000000e-01
-4.3500000e-01
-4.3000000e-01
-4.3000000e-01
-4.2000000e-01
-4.3000000e-01
-4.5000000e-01
-4.5500000e-01
-4.5000000e-01
-4.3500000e-01
-4.4500000e-01
-4.5000000e-01
-4.5500000e-01
-4.7000000e-01
-4.6000000e-01
-4.5500000e-01
-4.5000000e-01
-4.5500000e-01
-4.7000000e-01
-4.7500000e-01
-4.6000000e-01
-4.5000000e-01
-4.4500000e-01
-4.4000000e-01
-4.3500000e-01
-4.4000000e-01
-4.1000000e-01
-3.9500000e-01
-3.7000000e-01
-3.6500000e-01
-3.6000000e-01
-3.6500000e-01
-3.4000000e-01
-3.2500000e-01
-3.1500000e-01
-3.2000000e-01
-3.3000000e-01
-3.3000000e-01
-3.2000000e-01
-3.1000000e-01
-3.0000000e-01
-3.0000000e-01
-3.2000000e-01
-3.2000000e-01
-3.1500000e-01
-3.0500000e-01
-3.0500000e-01
-2.9500000e-01
-3.2000000e-01
-3.3000000e-01
-3.0500000e-01
-3.1000000e-01
-3.0000000e-01
-3.0000000e-01
-3.2000000e-01
-3.2500000e-01
-3.1000000e-01
-3.0500000e-01
-3.1500000e-01
-3.0500000e-01
-3.1500000e-01
-3.1500000e-01
-3.1000000e-01
-2.9500000e-01
-2.9000000e-01
-3.0500000e-01
-3.1000000e-01
-3.2000000e-01
-3.1500000e-01
-3.0000000e-01
-3.1500000e-01
-3.1500000e-01
-3.1500000e-01
-3.3000000e-01
-3.1500000e-01
-3.2000000e-01
-3.1500000e-01
-3.2500000e-01
-3.3500000e-01
-3.4000000e-01
-3.3500000e-01
-3.3500000e-01
-3.3000000e-01
-3.2500000e-01
-3.4500000e-01
-3.5000000e-01
-3.4500000e-01
-3.3500000e-01
-3.3000000e-01
-3.3000000e-01
-3.4500000e-01
-3.4500000e-01
-3.4500000e-01
-3.2000000e-01
-3.3000000e-01
-3.3500000e-01
-3.4000000e-01
-3.5500000e-01
-3.3500000e-01
-3.3000000e-01
-3.3000000e-01
-3.3500000e-01
-3.5500000e-01
-3.6000000e-01
-3.5500000e-01
-3.5000000e-01
-3.4000000e-01
-3.4500000e-01
-3.4500000e-01
-3.4500000e-01
-3.4500000e-01
-3.3000000e-01
-3.3000000e-01
-3.3500000e-01
-3.4500000e-01
-3.5000000e-01
-3.5000000e-01
-3.4000000e-01
-3.3000000e-01
-3.4500000e-01
-3.4500000e-01
-3.5500000e-01
-3.5000000e-01
-3.4000000e-01
-3.3000000e-01
-3.4000000e-01
-3.4000000e-01
-3.4000000e-01
-3.3000000e-01
-3.3500000e-01
-3.3000000e-01
-3.3500000e-01
-3.4500000e-01
-3.4500000e-01
-3.4000000e-01
-3.3000000e-01
-3.1500000e-01
-2.9500000e-01
-3.0000000e-01
-2.9500000e-01
-2.8500000e-01
-2.7500000e-01
-2.6500000e-01
-2.6500000e-01
-2.6500000e-01
-2.5500000e-01
-2.5000000e-01
-2.4000000e-01
-2.2500000e-01
-2.1500000e-01
-2.4000000e-01
-2.4500000e-01
-2.4000000e-01
-2.4500000e-01
-2.3500000e-01
-2.4500000e-01
-2.5000000e-01
-2.7500000e-01
-2.7500000e-01
-2.6500000e-01
-2.5000000e-01
-2.2500000e-01
-2.2000000e-01
-2.3000000e-01
-2.6500000e-01
-2.7000000e-01
-2.8000000e-01
-2.8500000e-01
-3.0500000e-01
-3.2000000e-01
-3.4000000e-01
-3.3000000e-01
-3.3500000e-01
-3.3500000e-01
-3.5500000e-01
-3.7000000e-01
-3.6000000e-01
-3.4500000e-01
-3.5000000e-01
-3.5500000e-01
-3.6500000e-01
-3.7500000e-01
-3.8000000e-01
-3.7000000e-01
-3.6500000e-01
-3.6500000e-01
-3.8000000e-01
-3.8500000e-01
-3.8000000e-01
-3.7500000e-01
-3.5500000e-01
-3.7000000e-01
-3.9000000e-01
-4.0500000e-01
-4.1000000e-01
-4.3500000e-01
-4.6500000e-01
-4.9000000e-01
-5.2000000e-01
-5.5500000e-01
-5.7000000e-01
-5.2500000e-01
-4.0500000e-01
-2.5000000e-01
-9.0000000e-02
1.2000000e-01
4.1000000e-01
6.9000000e-01
8.8500000e-01
9.6000000e-01
8.5000000e-01
5.2000000e-01
5.0000000e-02
-3.2000000e-01
-5.0000000e-01
-5.0500000e-01
-4.4500000e-01
-4.1500000e-01
-3.9500000e-01
-3.9000000e-01
-3.9500000e-01
-3.9000000e-01
-3.9500000e-01
-4.0500000e-01
-3.9500000e-01
-4.0500000e-01
-3.9000000e-01
-3.9500000e-01
-3.9500000e-01
-4.1000000e-01
-4.0500000e-01
-4.0000000e-01
-4.0000000e-01
-4.1500000e-01
-4.0500000e-01
-4.2000000e-01
-4.1500000e-01
-4.0500000e-01
-4.0500000e-01
-4.2000000e-01
-4.2000000e-01
-4.3500000e-01
-4.2000000e-01
-4.1000000e-01
-4.1000000e-01
-4.0500000e-01
-4.2500000e-01
-4.3000000e-01
-4.2000000e-01
-4.1500000e-01
-4.1000000e-01
-4.1000000e-01
-4.2500000e-01
-4.2000000e-01
-4.0000000e-01
-3.9500000e-01
-4.0000000e-01
-4.0000000e-01
-3.9500000e-01
-4.1500000e-01
-4.0500000e-01
-3.9000000e-01
-4.0000000e-01
-4.0000000e-01
-4.1500000e-01
-4.2500000e-01
-4.2500000e-01
